Temp Strain
299.649536612703    0.0
350.627156240349    0.000608724637763514
399.758914551513    0.00117340586083103
448.750461611294    0.00173213432218233
500.180983766328    0.00229625573487335
550.821524533798    0.00287693543026757
598.347417523083    0.00340873576871537
649.943832732111    0.00397883346219863
700.269981055447    0.004547561674761
750.894843058479    0.00510028111843952
799.659805535553    0.00563759011425824
848.929245913945    0.0061801525991807
898.928836638499    0.00674511281641488
950.373143932572    0.00733314310791511
998.046584449876    0.00785820181254882
