Temp Strain
300.233234790948    0.0
349.917139198026    0.000575548938551718
400.125332397984    0.00115654621048611
450.787951144475    0.00173889271623473
499.997074443457    0.00228521725868558
549.582929890779    0.00284855078263124
598.984368159554    0.00340138192382899
649.10303756809    0.00395581096203124
697.987139638903    0.00449969244014503
749.839161719471    0.00505274450827775
799.592167891361    0.0056071565761473
849.080742941989    0.00615444834099632
899.048364992992    0.00671430291297326
949.672133846257    0.00726772756611638
999.579776928488    0.00781062907409513
