Temp Strain
300.289157904281    0.0
350.429340892189    0.000614324434375035
400.179335889474    0.00119276334483542
449.315216394315    0.00176137395716691
499.498014231329    0.0023349526021097
550.292376750647    0.00289909719829029
601.388720446655    0.0034490157741407
651.008096128809    0.00402826857109262
700.23043969086    0.00456412383208793
749.460016847981    0.00510982948423266
799.494796854234    0.00566952861125869
847.538216060906    0.00619541696486769
900.96954933127    0.00677148394807436
948.635771477787    0.00731557746018741
1000.39377397923    0.00788735313909505
