Temp Strain
299.841410159448    0.0
350.134163333718    0.000608104240125584
400.029883944717    0.00130937421407595
449.293618333441    0.00188635887259103
500.829950938676    0.00247261687339817
549.870173573944    0.00308183799261297
600.582894676824    0.00369061578005292
650.474442737624    0.00423315162970805
701.370430471506    0.00480295308082335
750.46490563672    0.00533791501206293
799.765700046317    0.00585540849255572
851.422103307559    0.00645267399947702
898.8110189789    0.0069857576472061
950.790517207002    0.0075779820109827
998.59263123084    0.00809355057659222
