Temp Strain
300.289665886265    0.0
349.493081395981    0.000558455589388496
400.759271184267    0.00116525514959931
450.274671481763    0.00172293631392617
500.248083621098    0.0022962997164897
548.670641014274    0.00283681047132944
600.093618019673    0.00340839475037313
650.440509928975    0.00396045305815895
700.181734340671    0.00452141391380412
750.128230343368    0.00506812374653709
801.700475656113    0.00564808689259899
850.102748098582    0.00617845039573894
899.529311347322    0.00671805684392601
948.793423719428    0.00727254941161792
1000.20769250247    0.00786610439591695
