Temp Strain
300.167080847099    0.0
349.35709365264    0.000598951394350733
400.170597620969    0.00121903270101043
451.080163481046    0.00195123849385337
499.450275187601    0.00249311743373815
549.930628352932    0.00305233662911775
600.023825180201    0.00363386585576508
649.488661155436    0.00416623413470751
698.680118846106    0.00472594490296641
749.111308933226    0.00529567131994857
799.510322559332    0.00584442734033286
848.360057635208    0.00638133663799123
900.644794014024    0.00696775697527463
949.493454796412    0.00750965000842396
999.060450265673    0.00807631524734087
