Temp Strain
299.847603233706    0.0
350.974694910638    0.000600386060357616
400.120769226789    0.00115787560051839
449.438563536976    0.00172672690257825
500.47208287818    0.00230399242994528
548.765373175697    0.00285942269279138
599.8804060981    0.00341300684320189
650.598620458797    0.00394820210171876
701.577284155542    0.00454695116108605
750.524760358184    0.00508479774625115
800.68919021572    0.00562379930670032
851.519195854878    0.00619312319708798
899.80985504388    0.00673675375062954
950.219093226082    0.00727908342049854
999.65907209892    0.00786249437808872
