Temp Strain
300.321674832665    0.0
349.757008877424    0.000582138308246494
399.740952929737    0.00116462459327593
450.796749478532    0.0017642484581466
499.827264280488    0.00231596516325205
548.742225339507    0.00287368284635736
598.497876143583    0.00345674194818124
649.890865054473    0.00403669751634084
701.199693415721    0.00459415092915538
749.756595020294    0.00514378037609609
801.152786398216    0.00571639020837922
850.092481742829    0.00623390450343186
898.206662165927    0.00680230757100508
952.525780353617    0.00738623129917881
999.811752468428    0.00794898053757342
