Temp Strain
299.366059648973    0.0
350.033014453787    0.000590906122208468
400.066401890182    0.00118669225628731
449.45583733385    0.00175507002520958
500.483691326032    0.00233110224663569
550.195049586298    0.00290207355793903
599.74705128048    0.00345108993257726
650.283594249658    0.00400827078954125
699.097405643777    0.00457478289184277
751.11156614642    0.00513935771221585
799.179799017782    0.00566758899285102
850.045906326698    0.00625578393400272
901.712498499772    0.00681944385258526
950.161613227941    0.00739787587881802
998.177100681945    0.00790196747293415
