Temp Strain
300.481538350244    0.0
350.431804614407    0.00060079390924761
399.615356417041    0.00117093752725794
450.533858630079    0.00175898064237945
500.493642333863    0.00230729305794419
550.163636091172    0.00287864462475018
600.089774790693    0.00343249001753776
649.674591402221    0.00396854124845181
699.786333387059    0.00453582414898501
749.607307393987    0.00509839291942327
798.614613458312    0.00562062464382262
850.619997024739    0.00620944219031849
901.626607377843    0.00675946451460563
949.662128119543    0.00730142816552948
1002.55193606086    0.00793121469687108
